
After gradient call
tensor([[-1.16347, -1.22420, -1.28522, -1.30948, -1.15006, -1.17555, -1.19254, -1.18068],
        [-1.22420, -1.26073, -1.29915, -1.31086, -1.17555, -1.20148, -1.21805, -1.20499],
        [-1.28522, -1.29915, -1.31226, -1.30444, -1.19254, -1.21805, -1.23361, -1.21919],
        [-1.30948, -1.31086, -1.30444, -1.27503, -1.18068, -1.20499, -1.21919, -1.20411],
        [-1.15006, -1.17555, -1.19254, -1.18068, -1.16347, -1.22420, -1.28522, -1.30948],
        [-1.17555, -1.20148, -1.21805, -1.20499, -1.22420, -1.26073, -1.29915, -1.31086],
        [-1.19254, -1.21805, -1.23361, -1.21919, -1.28522, -1.29915, -1.31226, -1.30444],
        [-1.18068, -1.20499, -1.21919, -1.20411, -1.30948, -1.31086, -1.30444, -1.27503]], grad_fn=<PermuteBackward>)


After one hess call on [0][2]
Gradient received by hook:
tensor([[-0.54999, -0.52371, -0.47608, -0.39502, -0.78524, -0.75195, -0.69613, -0.59716],
        [-0.52371, -0.49899, -0.45314, -0.37440, -0.75195, -0.71406, -0.65378, -0.55478],
        [-0.47608, -0.45314, -0.40999, -0.33564, -0.69613, -0.65378, -0.58883, -0.48955],
        [-0.39502, -0.37440, -0.33564, -0.26933, -0.59716, -0.55478, -0.48955, -0.39303],
        [-0.78524, -0.75195, -0.69613, -0.59716, -0.54999, -0.52371, -0.47608, -0.39502],
        [-0.75195, -0.71406, -0.65378, -0.55478, -0.52371, -0.49899, -0.45314, -0.37440],
        [-0.69613, -0.65378, -0.58883, -0.48955, -0.47608, -0.45314, -0.40999, -0.33564],
        [-0.59716, -0.55478, -0.48955, -0.39303, -0.39502, -0.37440, -0.33564, -0.26933]], grad_fn=<PermuteBackward>)

Both eventually converge to zero
